"","ID_source","1","2","3","4","5","6","7","8","9","10","11","12","13","14","15","16","17","18","19","20","21","22","23","24","25","26","27","28","29","30","31","32","33","34","35","36","37","38","39","40","41","42","43","44","45","46","47","48","49","50","51","52","53","54","55","56","57","58","59","60","61","62","63","64","65","66","67","68","69","70","71","72","73","74","75","76","77","78","79","80","81","82","83","84","85","86","87","88","89","90","91","92","93","94","95","96","97","98","99","100","101","102","103","104","105","106","107","108","109","110","111","112","113","114","115","116","117","118","119","120","121","122","123","124","125","126","127","128","129","130","131","132","133","134","135","136","137","138","139","140","141","142","143","144","145","146","147","148","149","150","151","152","153","154","155","156","157","158","159","160","161"
"1",1,0,0.704804043,5.006751499,5.706391826,1.366039889,1.061267374,1.152200702,5.014030372,5.409737799,3.041196243,2.737391249,2.738838388,5.934049166,4.34073114,4.147966544,4.410988301,6.603239207,6.558081401,5.386959251,5.524494522,5.321392238,7.38471671,7.498750852,6.351614352,8.263227165,8.288163343,9.86392491,9.460270585,10.62576639,10.42990609,11.91807128,12.32493038,13.34487801,13.90950152,13.31968586,15.38861877,14.83001917,15.22877208,15.89011937,16.33229549,16.34724813,16.85142458,16.25310129,17.82210082,17.88221078,18.0699586,19.15375053,19.03261742,19.5114455,20.36112258,20.81350706,20.82252044,20.93380374,21.16744876,22.18358886,22.17628171,22.29437005,22.44978228,23.59853651,23.78967513,23.96028603,24.33167854,25.51643493,25.14372398,24.99296782,25.02534325,25.11944237,26.54812563,26.54041175,28.14694877,28.12367289,28.58334777,30.0010507,29.55998374,29.43299262,28.88416875,31.99137178,31.55013013,30.85168377,30.69053245,30.73040224,31.37374378,32.83798144,32.61009614,32.13261246,32.50547131,34.37224595,34.13345339,35.93526762,35.93463315,37.31441647,37.38420906,38.7962815,38.81449967,40.20394198,40.16790106,41.46199447,41.77129321,42.18790692,43.15512733,43.20945788,43.52985226,43.42896118,44.45552071,44.78026064,44.63456789,44.66638951,45.45680322,45.76332799,45.83389026,46.00456224,47.55024375,48.12226554,49.23894967,49.03143036,50.56798846,50.17461242,52.39948921,52.07957237,52.40873,52.99498759,53.48796422,53.87776249,54.84300777,54.78861895,56.76270362,56.47497953,57.88123452,57.80797053,59.73444414,60.95054904,62.62455089,64.12759449,65.38670525,65.67349667,67.30706273,66.52968618,68.69310683,69.27862971,70.07046918,69.50792559,71.56823626,71.2883573,73.03279422,73.41752842,74.5419325,74.71533955,76.01453636,76.12073422,77.38426978,77.66268138,78.99377834,79.55677175,79.90413831,80.32892638,81.22242486,82.85987399,82.4563808,83.57937795,84.30398584,84.55252027
"2",2,0.704804043,0,4.302734554,5.00251873,1.941347733,1.407998174,0.945966473,4.313963498,4.718661854,3.340500392,2.9773271,2.615092615,5.29729326,4.567150912,4.249757304,4.328686468,6.083697468,6.009759361,5.568177762,5.590517857,5.263135416,6.943728083,7.025072055,6.404475614,7.893903197,7.864069459,9.62863527,9.17759626,10.42436667,10.19743206,11.75199625,12.08597125,13.20896537,13.70385339,13.05899961,15.30242582,14.70967124,15.04228089,15.67143045,16.25192486,16.23595138,16.68164791,16.03858265,17.75033166,17.77451215,17.91155449,19.08971244,18.93323663,19.35920415,20.18761411,20.75416215,20.72811848,20.79030023,20.99692786,22.13432866,22.09130619,22.15651219,22.2885132,23.55270383,23.70819762,23.83445162,24.17798259,25.50752218,25.10533915,24.91528993,24.90644624,24.97175726,26.54519407,26.50967273,28.14697453,28.09188188,28.53128118,30.02837653,29.5634002,29.40943267,28.83219199,32.07932254,31.61607152,30.89160736,30.69328005,30.69874453,31.32486409,32.92693254,32.68137795,32.16988441,32.51769215,34.46156822,34.20899299,36.02287409,36.00777857,37.3979661,37.45091794,38.87419633,38.87221817,40.27552569,40.22384094,41.52754359,41.82502506,42.22285635,43.20166033,43.23304369,43.53218287,43.40598651,44.49461962,44.80484279,44.63193715,44.64694793,45.49076789,45.78379323,45.83176952,45.98466954,47.52812036,48.0741029,49.21827627,48.98746437,50.54379111,50.1363369,52.38770253,52.05777028,52.37533412,52.98351031,53.46348523,53.84242958,54.81594473,54.75444754,56.73387582,56.44227841,57.85293193,57.77580923,59.71516133,60.93248896,62.605235,64.10818848,65.36310995,65.64297977,67.28279047,66.49745336,68.67222157,69.24744626,70.05107334,69.47653571,71.54890599,71.2608584,73.01251109,73.38985548,74.52026662,74.68590422,75.99189139,76.09087959,77.35981084,77.63190867,78.95996254,79.51598329,79.8699594,80.28342685,81.16772784,82.81079838,82.39833533,83.53142278,84.25179016,84.49804068
"3",3,5.006751499,4.302734554,0,0.854883912,6.041744941,5.319099618,4.402770439,0.319455667,0.83505587,6.564101197,6.13165646,4.816194071,2.224130877,7.270074729,6.55732543,5.830694706,4.06068676,3.730306789,7.895192366,7.405975228,6.570787447,5.36515183,5.156893626,7.992840299,6.667782194,6.228564725,9.069903063,8.361085732,9.997026729,9.592981147,11.42988415,11.27006009,12.97317876,12.99713541,12.03250762,15.26105738,14.48657676,14.38727265,14.7809322,16.20504023,15.99951345,16.06155327,15.15915949,17.70006492,17.50246433,17.31844861,19.04408871,18.67523612,18.75952064,19.43115117,20.69192035,20.45125387,20.20683642,20.23873605,22.10128631,21.84028201,21.57622718,21.55880206,23.51125947,23.44527082,23.29470947,23.45803143,25.65572141,25.08104263,24.65361547,24.39027923,24.27524987,26.71326923,26.50926775,28.31005801,28.0621774,28.37174234,30.33304406,29.72884398,29.41273659,28.66925052,32.72678175,32.13601275,31.26252463,30.84133517,30.63726401,31.15106408,33.57209746,33.22268386,32.5111615,32.7036892,35.09495723,34.76166525,36.63288157,36.53074753,37.9728947,37.92379241,39.40450023,39.28042537,40.7581669,40.61213083,41.9657758,42.18984536,42.47129905,43.51471515,43.40649622,43.57452246,43.2946535,44.75535983,44.97566074,44.63793871,44.55028489,45.71504494,45.92444088,45.83456371,45.87822275,47.40042981,47.78460908,49.09164839,48.71947084,50.38988667,49.89810856,52.30208482,51.91229241,52.15774677,52.8974667,53.29620433,53.60738898,54.62789619,54.52317221,56.52839138,56.21410216,57.64698061,57.54652355,59.55850446,60.77969263,62.44003952,63.93840475,65.16450694,65.40138483,67.07534662,66.24326408,68.48222564,68.99323522,69.86708479,69.22055046,71.36209657,71.02476214,72.81686228,73.14831041,74.31318614,74.43104644,75.77603087,75.83079811,77.13036444,77.36341019,78.67054378,79.18301821,79.57676987,79.92038928,80.74704121,82.42183214,81.95521824,83.14818276,83.8415482,84.07347613
"4",4,5.706391826,5.00251873,0.854883912,0,6.805288478,6.096020464,5.185811082,1.082367253,1.323054093,7.403900756,6.970760731,5.66774748,2.691138889,8.12447297,7.411971088,6.675371328,4.60362335,4.241309358,8.747586752,8.248160356,7.40037375,5.919871387,5.664799056,8.822040244,7.234884796,6.736520239,9.684681827,8.950964891,10.6161303,10.19270326,12.04607686,11.81430761,13.58659109,13.54048307,12.53292196,15.8846468,15.09016877,14.92712647,15.27933291,16.82247402,16.59161543,16.59541992,15.65665079,18.30954205,18.08134441,17.84934279,19.64840192,19.25070353,19.28217808,19.9251436,21.28772738,21.01675345,20.72584588,20.72898705,22.69663406,22.40478795,22.09057178,22.04870332,24.10134873,24.00307467,23.80991432,23.9431889,26.26710903,25.66956779,25.20830111,24.90606756,24.7618796,27.32514674,27.09796369,28.91817195,28.6434846,28.93336283,30.95706754,30.33481477,29.99631032,29.22978585,33.39183565,32.78573303,31.89401418,31.44309438,31.20932078,31.70556139,34.23587513,33.87377659,33.13697363,33.30801665,35.7555892,35.41243341,37.28900136,37.1758207,38.62326643,38.56095424,40.04781948,39.90773161,41.39408558,41.23557745,42.59481153,42.80879667,43.07395821,44.12552636,43.9978063,44.14673152,43.84416764,45.35796182,45.56537895,45.2039335,45.10097397,46.31181963,46.50913142,46.39916126,46.42638047,47.9442159,48.30295581,49.63441498,49.24053886,50.92760669,50.42304534,52.84908029,52.45035697,52.68447066,53.44404874,53.83007927,54.13051387,55.15779044,55.04636532,57.05454251,56.73686047,58.17248703,58.06841864,60.09077087,61.31200058,62.96969571,64.46672281,65.68782507,65.91783192,67.59654313,66.75738614,69.00565134,69.50633584,70.39096898,69.73328836,71.88503644,71.54003744,73.33794331,73.6620299,74.83200077,74.94224881,76.29302055,76.34074626,77.64481028,77.87156923,79.17498348,79.68029256,80.08035579,80.41257618,81.22955767,82.90912179,82.43370964,83.63622572,84.3249849,84.55449451
"5",5,1.366039889,1.941347733,6.041744941,6.805288478,0,0.748759641,1.656869312,5.995533291,6.315689072,1.937818347,1.773385827,2.476134995,6.589240207,3.272277496,3.291873257,3.868954991,6.892806954,6.926158567,4.349483036,4.662906408,4.683531665,7.458266712,7.649208822,5.486664737,8.152485521,8.302252234,9.445544611,9.143185557,10.13204383,9.998693171,11.34511964,11.8870776,12.70637392,13.39538258,12.91698237,14.65261959,14.15525738,14.67087668,15.38947043,15.58242357,15.64962068,16.25505024,15.74271324,17.05247021,17.17248059,17.44822606,18.36736452,18.30502022,18.87386083,19.75917832,20.01519825,20.081609,20.27670305,20.55785506,21.36614734,21.41656615,21.62402233,21.82037046,22.77295663,23.02095317,23.26559352,23.68477801,24.63099585,24.30390015,24.21590836,24.3168056,24.4604659,25.65233234,25.68671271,27.24480867,27.26953726,27.76016582,29.05731959,28.65130466,28.56476481,28.06048104,30.96308039,30.55144396,29.88937508,29.78171313,29.87315288,30.54247133,31.80778993,31.60342859,31.17294491,31.58121417,33.34057536,33.12006237,34.90490637,34.92331027,36.28859614,36.38065407,37.77709853,37.82229284,39.1924512,39.17742256,40.45796765,40.78305858,41.22533075,42.17610742,42.26236153,42.61306368,42.54955865,43.48619068,43.83107234,43.72449919,43.7811145,44.49419211,44.81955282,44.92255468,45.1193593,46.66771713,47.27901397,48.35359451,48.18135683,49.68739992,49.31540459,51.49986035,51.19487865,51.54131981,52.09471017,52.60679758,53.01279164,53.96527858,53.92160081,55.88704662,55.60523067,57.00447358,56.93702607,58.84375309,60.05774479,61.73320462,63.23604071,64.5010886,64.79815004,66.42205213,65.65673185,67.80279778,68.40354606,69.17769792,68.63310715,70.67509709,70.40738828,72.14080777,72.53644402,73.65173819,73.83666702,75.12555443,75.24245973,76.49776405,76.78553799,78.12099232,78.69441032,79.03176307,79.47360103,80.38104532,82.00964016,81.61998605,82.7273341,83.45833025,83.71033844
"6",6,1.061267374,1.407998174,5.319099618,6.096020464,0.748759641,0,0.918327265,5.263066714,5.57307091,1.987011398,1.67629458,1.914244412,5.844304103,3.279513817,3.110000235,3.479986676,6.202840748,6.219783834,4.327049268,4.492590023,4.359327854,6.828275822,6.997135591,5.321748065,7.588322524,7.694166639,9.019189628,8.667918325,9.745617241,9.57991668,11.00369111,11.47483747,12.40423446,13.02438357,12.48875991,14.41183053,13.87608761,14.32476073,15.01323632,15.35110422,15.3854724,15.93159202,15.37188815,16.83474006,16.91668779,17.13998636,18.16122452,18.06093164,18.57555751,19.44082657,19.81757993,19.8466498,19.99047977,20.24419446,21.18181579,21.19408171,21.34618327,21.51856455,22.5945268,22.80475166,23.00296089,23.39375924,24.49498436,24.13559421,24.00543071,24.06293872,24.17677094,25.52400488,25.52831787,27.12135307,27.11170949,27.58108791,28.96524058,28.53283714,28.41704491,27.88179508,30.93914503,30.50289565,29.81174413,29.66347843,29.71787395,30.36931302,31.78550763,31.56148541,31.09336192,31.47463323,33.31962043,33.083759,34.88290865,34.88538542,36.2628213,36.33641139,37.74582277,37.76890107,39.15484906,39.1227006,40.41428353,40.72660348,41.14863088,42.11236341,42.1737719,42.50169844,42.4110498,43.41486295,43.74415553,43.608238,43.64687237,44.41766095,44.72854581,44.80728495,44.98513865,46.53166286,47.11548746,48.21964301,48.02258061,49.55010642,49.16302791,51.37632737,51.06057848,51.39478618,51.97167078,52.47003843,52.86460812,53.82612904,53.77488994,55.74649967,55.46050351,56.86474759,56.79318859,58.71402336,59.92957081,61.60403055,63.10705685,64.36788604,64.65765962,66.28846593,65.51457542,67.67303465,68.26296139,69.04973393,68.49234069,70.54743024,70.27101875,72.01234342,72.40020263,73.52201882,73.69874177,74.99499557,75.10428083,76.36546126,76.64658858,77.97899318,78.54511887,78.88949154,79.31943674,80.2173077,81.85200676,81.45287461,82.57096132,83.29757607,83.54721039
"7",7,1.152200702,0.945966473,4.402770439,5.185811082,1.656869312,0.918327265,0,4.344739628,4.658826076,2.544185068,2.144883238,1.675522364,4.984446049,3.694049501,3.323291701,3.387038429,5.496464825,5.474939662,4.664437648,4.651274147,4.319544025,6.239965325,6.364591554,5.462241092,7.111321112,7.139313174,8.747514468,8.325274232,9.526478034,9.315082902,10.83973056,11.20800789,12.28664915,12.80924482,12.19404772,14.36745037,13.78306295,14.13935864,14.78372969,15.3158956,15.30715603,15.77220275,15.14887421,16.81283536,16.84501864,16.99800244,18.15098036,18.00180589,18.44364641,19.2802312,19.8147906,19.79570012,19.87190516,20.08845871,21.19350937,21.15689341,21.2364016,21.37662658,22.61148418,22.77316741,22.91073813,23.26350123,24.56263469,24.16322101,23.97955925,23.98078472,24.05522169,25.5999706,25.56671863,27.20162422,27.14909589,27.59119202,29.08241303,28.61791154,28.46582575,27.8921008,31.13712577,30.67167537,29.94583659,29.7478341,29.75601826,30.38439567,31.98483168,31.73740602,31.22403972,31.57191788,33.5194672,33.26538128,35.08052228,35.06390587,36.45511464,36.50647936,37.93072425,37.92714718,39.33144505,39.27865512,40.58296469,40.87970936,41.27693733,42.25602505,42.28709715,42.58686534,42.46256247,43.54876733,43.85888985,43.68690084,43.70319786,44.54483161,44.83788847,44.88671091,45.04097531,46.58465621,47.13387502,48.27468672,48.04663793,49.60056441,49.19475041,51.44335813,51.11431481,51.4331566,52.03914533,52.52031258,52.90050474,53.87305866,53.81238682,55.79120093,55.50005313,56.91020639,56.83352988,58.77151556,59.98873574,61.66160884,63.16457893,64.41992411,64.70055948,66.33968542,65.55524198,67.72877815,68.30512497,69.10749122,68.5342402,70.605324,70.31812304,72.06902752,72.44714964,73.57692644,73.74340506,75.04865661,75.14843541,76.41677089,76.68957906,78.01800814,78.57494592,78.92805421,79.34306446,80.22880502,81.87098664,81.45998233,82.59144286,83.31247569,83.5590985
"8",8,5.014030372,4.313963498,0.319455667,1.082367253,5.995533291,5.263066714,4.344739628,0,0.562932599,6.426089803,5.995675265,4.650770912,1.915755346,7.085750347,6.357780008,5.598138396,3.741843395,3.413242255,7.681212719,7.168865833,6.318017541,5.04577679,4.839062373,7.739672991,6.348341863,5.910371862,8.752154825,8.042157853,9.679641403,9.27451774,11.1124369,10.95061373,12.65566077,12.67768403,11.71390053,14.94434616,14.16857795,14.06782767,14.46226756,15.88793666,15.68103024,15.74213368,14.84051161,17.38250961,17.18354284,16.99904513,18.72627582,18.35623551,18.44020019,19.11250218,20.37371098,20.13203866,19.88755774,19.9201978,21.78308062,21.52105931,21.25701685,21.24024974,23.1928403,23.12594567,22.97546923,23.1396164,25.33846022,24.76257801,24.33425458,24.07102133,23.95676766,26.39605555,26.19082628,27.9926305,27.74346605,28.05250457,30.01674372,29.41130509,29.09411891,28.34999436,32.41471728,31.82212108,30.94684913,30.52356858,30.31827925,30.83172289,33.25988154,32.90895727,32.19502918,32.38608463,34.7823677,34.44792259,36.3197686,36.21641884,37.65914443,37.60870094,39.09002109,38.96448005,40.44298474,40.29588622,41.64999524,41.87327114,42.15366745,43.19758581,43.08828554,43.25559524,42.97527472,44.43773666,44.6573843,44.31884878,44.23092094,45.39711066,45.60595433,45.5154436,45.55883272,47.08100452,47.46524907,48.77221756,48.40008093,50.07043493,49.5786858,51.98268897,51.59284189,51.83831181,52.57806741,52.9767487,53.28797727,54.30844694,54.20375941,56.20895774,55.89469179,57.32755027,57.22711955,59.2390496,60.46023766,62.12058946,63.61895882,64.84508806,65.08203178,66.75594375,65.92394007,68.16280478,68.67392336,69.54766035,68.90124359,71.04267822,70.70541999,72.49745808,72.82898731,73.99380236,74.11175872,75.45666587,75.51152904,76.81102953,77.04416975,78.35137067,78.86400153,79.257613,79.60150318,80.4284484,82.10308493,81.63676319,82.829412,83.52292108,83.75492976
"9",9,5.409737799,4.718661854,0.83505587,1.323054093,6.315689072,5.57307091,4.658826076,0.562932599,0,6.593957828,6.169710685,4.778603883,1.414526277,7.157747413,6.399722834,5.564368207,3.300372366,2.950678441,7.683296185,7.114500489,6.224027564,4.614945372,4.379593102,7.638440331,5.927236142,5.453103162,8.365916976,7.637617922,9.296833091,8.877349031,10.72762452,10.51809465,12.26897231,12.24524452,11.25771912,14.5653819,13.77501012,13.63376058,14.00608837,15.50445883,15.27972603,15.30507095,14.38398901,16.99338492,16.77371463,16.56058173,18.3336075,17.9443624,17.99750727,18.65521523,19.97532037,19.71414234,19.44314669,19.46122633,21.38446889,21.10268959,20.81034644,20.7813149,22.79080851,22.70368116,22.52945602,22.67866708,24.95105256,24.35960307,23.91024252,23.62542973,23.49661791,26.00902521,25.78803247,27.60300694,27.3359699,27.63285307,29.63852764,29.02023484,28.6881307,27.92971025,32.06883871,31.46360929,30.57418646,30.12964285,29.90508835,30.40799982,32.91291457,32.55154485,31.81815632,31.99395824,34.43275178,34.09024542,35.9664208,35.85421781,37.30114332,37.24037762,38.72645093,38.5887734,40.0737273,39.91736569,41.27558504,41.49152354,41.76058123,42.81010963,42.6876667,42.84288589,42.54910382,44.04464259,44.25575489,43.90238349,43.80545535,45.00012364,45.20110406,45.09816427,45.13195193,46.65168734,47.02219949,48.34236641,47.9584746,49.63781016,49.13914545,51.55528192,51.16043801,51.39977035,52.1504372,52.54207812,52.84756062,53.87164998,53.76339693,55.77019666,55.45413284,56.88846699,56.78613172,58.80361546,60.02484463,61.68379339,63.18146815,64.40496586,64.63833848,66.31473566,65.47906584,67.72278241,68.2285647,69.10789592,68.45570319,70.60243507,70.26119796,72.05625897,72.38399456,73.55144162,73.66550135,75.01337809,75.0646534,76.36645071,76.5964108,77.90177075,78.4108923,78.80759957,79.1459519,79.96835137,81.64523646,81.17482197,82.37192579,83.06328331,83.29417304
"10",10,3.041196243,3.340500392,6.564101197,7.403900756,1.937818347,1.987011398,2.544185068,6.426089803,6.593957828,0,0.433795897,1.843289529,6.445569439,1.335616652,1.473372136,2.365452549,6.193419869,6.334933809,2.411867912,2.778998433,2.988510781,6.436266102,6.717991861,3.587948416,6.874013131,7.168575022,7.813824993,7.613282816,8.426595844,8.34761618,9.569236146,10.21021752,10.88081668,11.64903956,11.26101759,12.77081374,12.30440105,12.88833001,13.64352519,13.693141,13.78370186,14.4430457,13.98850521,15.15358292,15.29828638,15.61859156,16.46131796,16.42147665,17.03287744,17.93647774,18.10414415,18.1908219,18.42353597,18.72956483,19.44880047,19.51762606,19.76276401,19.9795931,20.85289594,21.11786995,21.39157097,21.83298893,22.69842046,22.37992563,22.3094404,22.43601912,22.60204025,23.71823925,23.7594503,25.30983192,25.34189302,25.83928334,27.11958683,26.71557135,26.63435402,26.139406,29.03236804,28.61619961,27.95167472,27.84590005,27.94451439,28.61911352,29.8775039,29.66921746,29.23520238,29.64418026,31.41067882,31.18689023,32.97482884,32.98990766,34.35769963,34.44623078,35.84507064,35.88661248,37.25923677,37.2416062,38.52373736,38.84706673,39.28775195,40.23938958,40.32454332,40.6762192,40.61639169,41.54890991,41.89325876,41.78809589,41.84715101,42.55664094,42.88174441,42.98603377,43.18535579,44.73398765,45.35147173,46.41946751,46.2525023,47.75381508,47.38493164,49.56416371,49.26074913,49.60948224,50.15894391,50.67305645,51.08126878,52.03193528,51.98974154,53.95392296,53.67292454,55.07117761,55.00451453,56.9087913,58.12254728,59.79812766,61.30091998,62.56657876,62.86487011,64.48758019,63.72374933,65.86774037,66.47023578,67.24237848,66.69982715,68.73972499,68.47332179,70.20553127,70.60233452,71.71662313,71.90282713,73.19054672,73.30864947,74.56300058,74.85184605,76.18783456,76.76269278,77.098647,77.54295054,78.4527545,80.07977812,79.69259495,80.79716124,81.52922459,81.78184244
"11",11,2.737391249,2.9773271,6.13165646,6.970760731,1.773385827,1.67629458,2.144883238,5.995675265,6.169710685,0.433795897,0,1.44373607,6.051952592,1.605210828,1.518838238,2.225684747,5.874753641,5.998705616,2.652291614,2.891323587,2.954521577,6.185588207,6.447998401,3.717207634,6.693912488,6.949086608,7.765765559,7.521742698,8.415205536,8.309390467,9.598247837,10.18651303,10.94297621,11.6622129,11.22842515,12.87929395,12.38586283,12.92301494,13.65744294,13.80908621,13.87775953,14.49684311,14.00712836,15.27985177,15.3997245,15.68468958,16.59600209,16.53168943,17.10738512,17.99808189,18.24517415,18.30827121,18.50747053,18.79512838,19.59867268,19.64381107,19.8532791,20.05422655,21.00690323,21.2487744,21.49304399,21.91606235,22.87802705,22.54049755,22.44438805,22.54367878,22.69038713,23.90246706,23.92624718,25.49709987,25.50937218,25.99433572,27.32456829,26.9058535,26.80795158,26.29476036,29.27354358,28.84461849,28.16458343,28.03645322,28.11396049,28.77823907,30.11952676,29.90111384,29.44714166,29.84140912,31.65338017,31.42173539,33.21700376,33.22394426,34.59796266,34.67703193,36.08254497,36.1126981,37.49349455,37.46703077,38.75489251,39.07162545,39.50169699,40.46018006,40.53219651,40.8715787,40.79674356,41.76575814,42.10186317,41.98083523,42.02996419,42.77077607,43.08819961,43.17937541,43.36826107,44.91596099,45.51802332,46.60269654,46.42181075,47.9352564,47.55792155,49.7532723,49.44391945,49.7858669,50.34834592,50.854928,51.25680163,52.21254022,52.16613876,54.13383123,53.85049967,55.25158361,55.18263781,57.09476685,58.30941227,59.98449514,61.48743364,62.75081834,63.04511069,64.67166064,63.90309513,66.0539453,66.65052327,67.42959588,66.88002046,68.92713701,68.65597513,70.3925404,70.78510664,71.90298017,72.08470487,73.37647592,73.49041802,74.74800621,75.03322385,76.36756519,76.93841525,77.27824597,77.71598934,78.62047561,80.25094168,79.85845258,80.96904052,81.69867892,81.9499763
"12",12,2.738838388,2.615092615,4.816194071,5.66774748,2.476134995,1.914244412,1.675522364,4.650770912,4.778603883,1.843289529,1.44373607,0,4.608254549,2.479569301,1.868866893,1.713832868,4.524504123,4.614412442,3.264545331,3.073503905,2.650201642,4.991799496,5.202146638,3.856350487,5.685362079,5.826775134,7.134175132,6.760168388,7.887445513,7.698487616,9.181836556,9.594215088,10.61845891,11.17106912,10.59757751,12.69206489,12.11143884,12.49029976,13.15293984,13.6403881,13.63408955,14.1153822,13.5152933,15.13737065,15.17151107,15.33678396,16.47577621,16.32738692,16.78031718,17.62474422,18.13982049,18.12089181,18.20592265,18.43171462,19.5193585,19.4815597,19.56890167,19.71633682,20.93765043,21.09773234,21.24046676,21.60061208,22.89553239,22.49027621,22.30405602,22.30919534,22.39046763,23.93434566,23.89489088,25.53665329,25.47701073,25.9165872,27.42633287,26.95377576,26.79513438,26.21749763,29.51070856,29.03288336,28.29474751,28.0833941,28.08384158,28.71002012,30.35880161,30.10123985,29.5716293,29.91020653,31.8932885,31.6312361,33.4529664,33.42810066,34.82490199,34.86702405,36.29705954,36.28300903,37.69413455,37.63350667,38.94236636,39.23335575,39.62251621,40.60631474,40.62838185,40.92151218,40.79147842,41.89583164,42.20043022,42.02019897,42.03274343,42.88979455,43.17795601,43.22009668,43.37040349,44.91363803,45.45936821,46.60390188,46.37251701,47.92912633,47.52125173,49.77429446,49.44327402,49.76026698,50.37013639,50.84878221,51.2273395,52.20108421,52.13936652,54.11892799,53.82721745,55.23800212,55.16075697,57.10082528,58.31825977,59.99087699,61.49381338,62.74840585,63.02795454,64.66803636,63.88238863,66.05769894,66.63239947,67.43666777,66.86148415,68.93449911,68.64592703,70.39801806,70.77491259,71.90566146,72.07089661,73.37721275,73.47585791,74.74501572,75.01686221,76.34487266,76.90098812,77.25486773,77.66864782,78.55372241,80.19627056,79.78473109,80.91681209,81.63753858,81.8840232
"13",13,5.934049166,5.29729326,2.224130877,2.691138889,6.589240207,5.844304103,4.984446049,1.915755346,1.414526277,6.445569439,6.051952592,4.608254549,0,6.749322359,5.939722839,4.951908771,1.91885654,1.550320854,7.092805809,6.404982113,5.447142582,3.23364743,2.974629402,6.812303942,4.549681083,4.047327443,7.018523606,6.271780531,7.950990975,7.516380291,9.376656116,9.123169298,10.91379512,10.84937667,9.84891144,13.21614105,12.41123814,12.23621982,12.59675823,14.14964373,13.90748374,13.9051321,12.9744715,15.63185629,15.39321415,15.15952116,16.96794894,16.56173201,16.59383901,17.24499114,18.60367495,18.32625562,18.03839899,18.05037479,20.0121823,19.71413878,19.40435073,19.37040189,21.41512467,21.31200297,21.12362432,21.26704847,23.58824429,22.98275943,22.51716459,22.21971491,22.08520639,24.64632692,24.41106946,26.23750982,25.95483636,26.24237778,28.28372162,27.65313128,27.30803839,26.5387516,30.74884,30.12929839,29.224861,28.75975065,28.51914118,29.01442675,31.59144249,31.21822481,30.46430003,30.62542985,33.10788286,32.75632588,34.63700706,34.51502983,35.96631517,35.8944642,37.385365,37.23512571,38.72647926,38.56077791,39.92294239,40.13164267,40.39018313,41.44471419,41.31070386,41.45633461,41.15324037,42.67407018,42.87785367,42.51303292,42.40999509,43.62609175,43.82052288,43.70818155,43.73554709,45.25373339,45.61682291,46.94404377,46.55377161,48.23783083,47.73544482,50.15836325,49.76055047,49.9965371,50.75336612,51.14088686,51.44335571,52.46928405,52.3592043,54.36677796,54.04981769,55.48486788,55.38158772,57.40189889,58.62313209,60.28130912,61.77860158,63.00075336,63.23242808,64.90997449,64.0726161,66.31858485,66.82187833,67.70381233,67.04893561,69.19810209,68.85499966,70.65145022,70.97743751,72.14607093,72.25838707,73.60756792,73.65726848,74.96004949,75.18865027,76.49326715,77.00108835,77.39893135,77.73532545,78.55638761,80.23389599,79.76238728,80.96069005,81.65143438,81.8820285
"14",14,4.34073114,4.567150912,7.270074729,8.12447297,3.272277496,3.279513817,3.694049501,7.085750347,7.157747413,1.335616652,1.605210828,2.479569301,6.749322359,0,0.826935952,1.944893888,6.107348231,6.325047877,1.078047731,1.601189349,2.146961745,6.07167433,6.418234565,2.347633946,6.261605626,6.677213585,6.83448661,6.739808014,7.3638223,7.341227678,8.424888114,9.160354728,9.679621365,10.52376859,10.22388098,11.50726705,11.0736881,11.72376219,12.51141915,12.42070489,12.53529495,13.24656626,12.84767503,13.86987495,14.03986104,14.40334401,15.16931675,15.15274065,15.80510176,16.72489514,16.80617863,16.9137589,17.1829218,17.51198773,18.14367018,18.23177446,18.51353515,18.74938963,19.54450848,19.82730513,20.12935427,20.59138994,21.37491592,21.06693462,21.0151313,21.16691996,21.35389594,22.39256441,22.44251639,23.98278356,24.02438395,24.52933932,25.78683179,25.38728344,25.31342815,24.82922272,27.69757785,27.28058345,26.61733657,26.51745525,26.62566533,27.30622672,28.54283889,28.33365587,27.90100106,28.31343406,30.07612746,29.85148159,31.64021107,31.65445525,33.02282967,33.11064561,34.50989704,34.55101981,35.92381102,35.90602834,37.18816792,37.51151409,37.95313364,38.90403843,38.99097914,39.34577293,39.29155665,40.21391474,40.5594953,40.45846755,40.52123169,41.22197473,41.54839726,41.65618597,41.85936475,43.40834916,44.0332793,45.09327091,44.93280802,46.42833563,46.06333519,48.23565516,47.9345214,48.28620846,48.83032194,49.34734008,49.75836179,50.70673108,50.66641294,52.62898607,52.34902549,53.74600832,53.68034595,55.58134055,56.79474626,58.47049431,59.97321541,61.23973539,61.53966489,63.16077944,62.39891903,64.54010711,65.14496985,65.91435639,65.37459889,67.41161916,67.14705297,68.87756171,69.27599832,70.38888392,70.57684393,71.862957,71.98269919,73.23575229,73.52604442,74.86271541,75.43934747,75.77357683,76.22086115,77.13332734,78.7585813,78.37414325,79.47560528,80.20887299,80.46216731
"15",15,4.147966544,4.249757304,6.55732543,7.411971088,3.291873257,3.110000235,3.323291701,6.357780008,6.399722834,1.473372136,1.518838238,1.868866893,5.939722839,0.826935952,0,1.132017583,5.284311105,5.498744472,1.395679556,1.38441383,1.53268519,5.289261476,5.623296984,2.21389035,5.558456998,5.931765746,6.349133112,6.17613344,6.953335826,6.879053528,8.102167416,8.737905916,9.430528023,10.17799659,9.790082308,11.36081739,10.8685847,11.42395542,12.17283523,12.29142467,12.35910692,12.98814402,12.5189669,13.76408488,13.88088736,14.17149399,15.08244947,15.01321975,15.59190396,16.48659117,16.73361584,16.79056612,16.99011728,17.28231947,18.09062472,18.12765866,18.33507174,18.5388611,19.5006336,19.73368199,19.97421157,20.39896403,21.38751061,21.03748128,20.93036804,21.02494886,21.1724972,22.4153746,22.42670745,24.01220664,24.01004566,24.48802427,25.8559039,25.42328117,25.31246028,24.7885715,27.85007505,27.4032474,26.70433077,26.55393028,26.61557356,27.27377397,28.69709648,28.46416766,27.98553457,28.36463498,30.23157711,29.98852032,31.79403969,31.78921066,33.17186335,33.23760112,34.6521185,34.66684893,36.05830602,36.0201403,37.31528987,37.62342767,38.0408613,39.00718653,39.06445697,39.39188647,39.30481883,40.3079826,40.63497585,40.49874695,40.53980267,41.30982493,41.61899758,41.69772993,41.87809331,43.42501046,44.01679336,45.11260859,44.92219708,46.44376947,46.06058737,48.26767807,47.95365971,48.29071192,48.8629656,49.36363927,49.76101712,50.72027162,50.67090941,52.64099361,52.35602537,53.75906819,53.68850331,55.60637803,56.82168281,58.49632236,59.99933162,61.26092622,61.55226019,63.18159907,62.40958763,64.56548136,65.15762406,65.94189282,65.38704898,67.43955277,67.16475461,68.90460575,69.29393025,70.41450341,70.59284554,71.88763758,71.998453,73.25843227,73.54094769,74.87408884,75.44218426,75.78466225,76.21800301,77.11924156,78.75174862,78.35613888,79.47028209,80.19843104,80.44894463
"16",16,4.410988301,4.328686468,5.830694706,6.675371328,3.868954991,3.479986676,3.387038429,5.598138396,5.564368207,2.365452549,2.225684747,1.713832868,4.951908771,1.944893888,1.132017583,0,4.166022187,4.395270867,2.143928743,1.579062906,0.939469563,4.166151696,4.493496348,2.253052656,4.511552299,4.837795138,5.576775517,5.300421713,6.27324044,6.129864086,7.524148252,8.01946794,8.935661131,9.547639123,9.048034303,10.98581959,10.41904088,10.84477572,11.53855168,11.93257779,11.93712693,12.45374832,11.89558084,13.42764544,13.47289884,13.66594057,14.76467999,14.62556082,15.10469059,15.96341316,16.42808845,16.41737627,16.52452113,16.76776097,17.80647509,17.77526257,17.88404644,18.04546921,19.22451293,19.39056393,19.54931971,19.92440713,21.18252955,20.77669446,20.59599988,20.61483864,20.71055117,22.22188239,22.18108345,23.82443629,23.76323406,24.20420825,25.71880776,25.24190036,25.08131871,24.50511612,27.82480186,27.33730979,26.59039392,26.37136785,26.37008092,26.99736112,28.67310113,28.40757055,27.86633922,28.19943762,30.20728965,29.93898384,31.76570756,31.73442985,33.13543013,33.17052281,34.6048139,34.58305066,35.999058,35.93278184,37.24481673,37.53173852,37.91564987,38.90240486,38.9190169,39.209005,39.07764563,40.18983081,40.49118379,40.30720907,40.31893635,41.18249607,41.46791251,41.50713138,41.6565879,43.19980563,43.74685526,44.89007499,44.65961361,46.21530097,45.80792852,48.06067036,47.72944129,48.04668922,48.65652213,49.13496203,49.51386291,50.48730569,50.42583457,52.40519663,52.11362392,53.52425883,53.4471448,55.38700094,56.60444704,58.27705064,59.77998568,61.03458629,61.31429819,62.95422611,62.16880338,64.34386606,64.91877644,65.72283795,65.14786997,67.22066919,66.93218502,68.68418523,69.06117812,70.19183147,70.35721839,71.66338984,71.76219665,73.03121585,73.30323827,74.63139005,75.1879582,75.54140588,75.95602963,76.8421498,78.48402715,78.07362191,79.2044503,79.92565979,80.1724324
"17",17,6.603239207,6.083697468,4.06068676,4.60362335,6.892806954,6.202840748,5.496464825,3.741843395,3.300372366,6.193419869,5.874753641,4.524504123,1.91885654,6.107348231,5.284311105,4.166022187,0,0.399334315,6.166477542,5.343020147,4.350998966,1.316248735,1.11011239,5.554708809,2.631693319,2.172188133,5.103465697,4.352974147,6.035849524,5.597838781,7.45949648,7.21792098,8.995594058,8.945157379,7.972298927,11.29871307,10.49238442,10.33404064,10.72053569,12.23125962,11.98948902,12.00626007,11.09880439,13.71300258,13.47772286,13.26233548,15.04921697,14.64723562,14.70125854,15.37077803,16.68571935,16.4148294,16.14792251,16.17868046,18.09438383,17.80319874,17.51659531,17.49869488,19.49817556,19.40350609,19.23531964,19.3984014,21.66942333,21.06618642,20.60991705,20.33105235,20.21536465,22.72750628,22.49456081,24.31885612,24.03989366,24.33294278,26.36505874,25.73464081,25.39268729,24.62970103,28.83841858,28.21426467,27.30675187,26.84164718,26.60665884,27.10765846,29.68042641,29.30342059,28.54569239,28.70713886,31.19559882,30.84130101,32.72320666,32.59864926,34.05095297,33.97676165,35.4685206,35.31649404,36.80854166,36.64197589,38.00437796,38.21278789,38.47224882,39.52612318,39.39437667,39.54431129,39.24876446,40.75617858,40.96184409,40.60285083,40.50509407,41.7089489,41.90552153,41.79846325,41.83165441,43.35162966,43.72664772,45.04238841,44.66218976,46.33835015,45.84192235,48.25503482,47.8609358,48.10214981,48.85021012,49.24315008,49.55074427,50.57339591,50.46656095,52.4726865,52.1573947,53.59109357,53.48959896,55.50493913,56.72616036,58.38557226,59.88349999,61.10806865,61.34322285,63.01834555,62.18462862,64.42585246,64.93442593,65.81085754,65.16167568,67.30561242,66.9663974,68.75988277,69.08964829,70.25564402,70.37193433,71.71807227,71.77148751,73.07187179,73.30383771,74.61050967,75.12243965,75.51664943,75.85970243,76.68676912,78.36125112,77.89534985,79.08757087,79.78119257,80.01332752
"18",18,6.558081401,6.009759361,3.730306789,4.241309358,6.926158567,6.219783834,5.474939662,3.413242255,2.950678441,6.334933809,5.998705616,4.614412442,1.550320854,6.325047877,5.498744472,4.395270867,0.399334315,0,6.438242179,5.635387317,4.643054805,1.689475054,1.429112583,5.882730395,3.004523438,2.502564435,5.488431633,4.730778416,6.42040852,5.976771835,7.841210104,7.573110143,9.374975754,9.299533204,8.307709242,11.67948741,10.86771036,10.68680759,11.05624229,12.60980756,12.36044642,12.35657454,11.43424734,14.08862372,13.84387617,13.61148435,15.42287617,15.01197985,15.04731626,15.70585283,17.05641435,16.77596413,16.49267478,16.51243849,18.46464945,18.16382477,17.85969131,17.83255289,19.86662144,19.76176548,19.57881994,19.73074335,22.04368401,21.43393832,20.96705899,20.67480964,20.54838273,23.10174415,22.86218771,24.69184423,24.40514871,24.69208919,26.74207682,26.10687229,25.75850201,24.98848652,29.22489073,28.5973934,27.68557296,27.21259074,26.96890978,27.46441238,30.06653541,29.68674755,28.92293675,29.07863021,31.58087587,31.22439943,33.10734829,32.98026365,34.43368201,34.35636951,35.84949734,35.69356132,37.18764795,37.01797758,38.38171048,38.58754208,38.84266084,39.89867593,39.76161073,39.9060504,39.60366539,41.12647281,41.32857167,40.96272344,40.86033841,42.07761181,42.27079621,42.15789236,42.18610195,43.7047108,44.07166838,45.39514,45.00809412,46.68952707,46.18907013,48.60905954,48.212213,48.44986976,49.20410359,49.59311807,49.89732565,50.9221164,50.81316673,52.8202316,52.50386757,53.9384374,53.8358025,55.85439622,57.07562898,58.73421703,60.23172905,61.45473929,61.68773169,63.36435582,62.52840465,64.77256283,65.27789137,66.15771305,65.50502726,67.65217635,67.31055894,69.10587021,69.4333277,70.60092729,70.71482428,72.06278861,72.11398714,73.41579472,73.64577808,74.95127549,75.46091637,75.85714852,76.19654407,77.02047018,78.69652602,78.22774271,79.42309686,80.11522535,80.34657194
"19",19,5.386959251,5.568177762,7.895192366,8.747586752,4.349483036,4.327049268,4.664437648,7.681212719,7.683296185,2.411867912,2.652291614,3.264545331,7.092805809,1.078047731,1.395679556,2.143928743,6.166477542,6.438242179,0,0.919516128,1.84593666,5.898570422,6.289535134,1.416121411,5.861847658,6.374715189,6.077380785,6.085243965,6.520925965,6.551829406,7.498833721,8.315413503,8.698772234,9.605866962,9.384275446,10.47244983,10.06544144,10.76908394,11.58217831,11.37846965,11.51128904,12.26300635,11.91043322,12.81873574,13.0070893,13.40352018,14.11204618,14.11178983,14.7944162,15.72599749,15.74464755,15.86625074,16.16171766,16.50797352,17.07750431,17.17792661,17.48539055,17.73518739,18.47629568,18.77006318,19.09136548,19.56805333,20.29900037,19.99605994,19.95532567,20.12387511,20.32558919,21.31582418,21.36954573,22.90558652,22.95108218,23.45995005,24.70884569,24.30973929,24.23851994,23.75968893,26.62676317,26.20583733,25.53989205,25.43986833,25.55166636,26.23515753,27.47235029,27.25983709,26.82347428,27.23544018,29.00591107,28.77854604,30.56980539,30.58129488,31.95172899,32.03658456,33.4378458,33.47581536,34.85075669,34.83069064,36.11423943,36.43600504,36.87589836,37.82781245,37.91318113,38.26780349,38.21498837,39.13706965,39.48176829,39.38061276,39.44430165,40.1447808,40.47053643,40.57829517,40.7824082,42.33149959,42.95936469,44.01624259,43.85822463,45.35152896,44.98795147,47.1580099,46.85747734,47.2101652,47.75265149,48.27045082,48.68245094,49.63000361,49.59034148,51.55234273,51.27274177,52.66928571,52.60396336,54.50394105,55.71725709,57.3930452,58.89574712,60.16249283,60.46291676,62.08354671,61.32229278,63.46265276,64.06819691,64.83680683,64.29783777,66.33404914,66.06996855,67.80002261,68.19889207,69.31139926,69.4998411,70.78550837,70.90570493,72.15839014,72.44909386,73.78597823,74.3632182,74.69685456,75.14519927,76.05874006,77.68326423,77.29997143,78.4001452,79.13389477,79.38746894
"20",20,5.524494522,5.590517857,7.405975228,8.248160356,4.662906408,4.492590023,4.651274147,7.168865833,7.114500489,2.778998433,2.891323587,3.073503905,6.404982113,1.601189349,1.38441383,1.579062906,5.343020147,5.635387317,0.919516128,0,0.992565833,5.003544649,5.403238664,0.829508333,4.942403461,5.458651913,5.256892247,5.213739571,5.764460447,5.753294163,6.830030166,7.561477357,8.109248511,8.92589174,8.626153829,9.996100817,9.525838707,10.13646922,10.91531161,10.92222749,11.0051497,11.67444192,11.25357944,12.38975193,12.52137347,12.84347882,13.70476471,13.64789394,14.25510093,15.16275889,15.35394026,15.42116456,15.64456413,15.95415852,16.70867889,16.75395542,16.984009,17.20160234,18.11792985,18.35804676,18.6150071,19.05401937,20.00335204,19.65382529,19.55321832,19.66168417,19.82315621,21.03162641,21.0424989,22.62878795,22.62582263,23.10538013,24.47659544,24.04027191,23.92804695,23.40588313,26.49026626,26.03473196,25.32792851,25.17091025,25.23127684,25.89053276,27.3377122,27.09761285,26.60855958,26.9828855,28.87232874,28.6236,30.4340261,30.42340393,31.81013919,31.86950061,33.28814987,33.29581766,34.69197917,34.64859629,35.94686759,36.25126228,36.6637841,37.63302345,37.68504669,38.00928613,37.92048507,38.93195258,39.25580314,39.11565408,39.15558784,39.93262403,40.23909397,40.31471284,40.49387503,42.04073036,42.63288288,43.72839052,43.53805822,45.05945118,44.67624982,46.88396244,46.56942319,46.90630088,47.47927885,47.97932958,48.37661752,49.33590959,49.28649964,51.25660871,50.97161161,52.37469421,52.30409121,54.22229911,55.43767285,57.11226141,58.61527589,59.87670244,60.16787144,61.79736029,61.02518261,63.18138234,63.77323281,64.55787205,64.00265563,66.05554327,65.78043535,67.52055632,67.90961239,69.03039685,69.20849162,70.50349502,70.6140938,71.87422419,72.15657512,73.48968257,74.05780576,74.40025417,74.83372781,75.7353672,77.36758925,76.97246887,78.08607729,78.81440499,79.0650383
